%function[ConstraintsA, ConstraintsB, T1, T2, T3, T41, T42, T5] =  matrix 


	ConstraintsA = [1.0000000e+00   2.0000000e+00   1.0000000e+00   5.0000000e+00   0.0000000e+00   2.0000000e+00
	   2.0000000e+00   2.0000000e+00   1.0000000e+00   2.0000000e+00   2.0000000e+00   1.0000000e+00
	   1.0000000e+00   0.0000000e+00   3.0000000e+00   2.0000000e+00   2.0000000e+00   0.0000000e+00
	   8.0000000e+00   1.5000000e+01   0.0000000e+00   5.0000000e+00   0.0000000e+00   1.0000000e+01
	   7.0000000e+00   1.0000000e+00   2.0000000e+00   1.5000000e+01   7.0000000e+00   1.2000000e+01
	   8.0000000e+00   1.0000000e+00   1.1000000e+01   0.0000000e+00   1.0000000e+01   2.5000000e+01
	   2.0000000e+00   1.0000000e+01   5.0000000e+00   4.0000000e+00   1.3000000e+01   7.0000000e+00
	   5.0000000e+00   0.0000000e+00   0.0000000e+00   7.0000000e+00   1.0000000e+01   2.5000000e+01
	   5.0000000e+00   5.0000000e+00   3.0000000e+00   1.2000000e+01   8.0000000e+00   0.0000000e+00
	   5.0000000e+00   3.0000000e+00   5.0000000e+00   8.0000000e+00   0.0000000e+00   7.0000000e+00]
	ConstraintsB = [3.5000000e+02
	   6.2000000e+02
	   4.8500000e+02
	   4.8000000e+03
	   4.8000000e+03
	   4.8000000e+03
	   4.8000000e+03
	   4.8000000e+03
	   4.8000000e+03
	   4.8000000e+03];
	T1 = [8.0000000e+00   7.0000000e+00   8.0000000e+00   2.0000000e+00   5.0000000e+00   5.0000000e+00   5.0000000e+00
	   1.5000000e+01   1.0000000e+00   1.0000000e+00   1.0000000e+01   0.0000000e+00   5.0000000e+00   3.0000000e+00
	   0.0000000e+00   2.0000000e+00   1.1000000e+01   5.0000000e+00   0.0000000e+00   3.0000000e+00   5.0000000e+00
	   5.0000000e+00   1.5000000e+01   0.0000000e+00   4.0000000e+00   7.0000000e+00   1.2000000e+01   8.0000000e+00
	   0.0000000e+00   7.0000000e+00   1.0000000e+01   1.3000000e+01   1.0000000e+01   8.0000000e+00   0.0000000e+00
	   1.0000000e+01   1.2000000e+01   2.5000000e+01   7.0000000e+00   2.5000000e+01   0.0000000e+00   7.0000000e+00];
	T2 = [1.0000000e+00   2.0000000e+00   1.0000000e+00   5.0000000e+00   0.0000000e+00   2.0000000e+00
	   2.0000000e+00   2.0000000e+00   1.0000000e+00   2.0000000e+00   2.0000000e+00   1.0000000e+00
	   1.0000000e+00   0.0000000e+00   3.0000000e+00   2.0000000e+00   2.0000000e+00   0.0000000e+00];
	T3 = [3.5000000e+02   6.2000000e+02   4.8500000e+02];
	T41 = [2.0000000e+01   2.7000000e+01   2.6000000e+01   3.0000000e+01   4.5000000e+01   4.0000000e+01];
	T42 = [3.0000000e+00   4.0000000e+00   2.0000000e+00];
	T5 = [3.3333333e-02   3.3333333e-02   1.6666667e-02   1.6666667e-02   3.3333333e-02   5.0000000e-02   5.0000000e-02];
%end